310 310
330 310
350 310
370 310
390 310
410 310
430 310
450 310
470 310
490 310
310 330
330 330
350 330
370 330
390 330
410 330
430 330
450 330
470 330
490 330
310 350
330 350
350 350
370 350
390 350
410 350
430 350
450 350
470 350
490 350
310 370
330 370
350 370
370 370
390 370
410 370
430 370
450 370
470 370
490 370
310 390
330 390
350 390
370 390
390 390
410 390
430 390
450 390
470 390
490 390
310 410
330 410
350 410
370 410
390 410
410 410
430 410
450 410
470 410
490 410
310 430
330 430
350 430
370 430
390 430
410 430
430 430
450 430
470 430
490 430
310 450
330 450
350 450
370 450
390 450
410 450
430 450
450 450
470 450
490 450
310 470
330 470
350 470
370 470
390 470
410 470
430 470
450 470
470 470
490 470
310 490
330 490
350 490
370 490
390 490
410 490
430 490
450 490
470 490
490 490