210 210
230 210
250 210
270 210
290 210
310 210
330 210
350 210
370 210
390 210
410 210
430 210
450 210
470 210
490 210
510 210
530 210
550 210
570 210
590 210
210 230
230 230
250 230
270 230
290 230
310 230
330 230
350 230
370 230
390 230
410 230
430 230
450 230
470 230
490 230
510 230
530 230
550 230
570 230
590 230
210 250
230 250
250 250
270 250
290 250
310 250
330 250
350 250
370 250
390 250
410 250
430 250
450 250
470 250
490 250
510 250
530 250
550 250
570 250
590 250
210 270
230 270
250 270
270 270
290 270
310 270
330 270
350 270
370 270
390 270
410 270
430 270
450 270
470 270
490 270
510 270
530 270
550 270
570 270
590 270
210 290
230 290
250 290
270 290
290 290
310 290
330 290
350 290
370 290
390 290
410 290
430 290
450 290
470 290
490 290
510 290
530 290
550 290
570 290
590 290
210 310
230 310
250 310
270 310
290 310
310 310
330 310
350 310
370 310
390 310
410 310
430 310
450 310
470 310
490 310
510 310
530 310
550 310
570 310
590 310
210 330
230 330
250 330
270 330
290 330
310 330
330 330
350 330
370 330
390 330
410 330
430 330
450 330
470 330
490 330
510 330
530 330
550 330
570 330
590 330
210 350
230 350
250 350
270 350
290 350
310 350
330 350
350 350
370 350
390 350
410 350
430 350
450 350
470 350
490 350
510 350
530 350
550 350
570 350
590 350
210 370
230 370
250 370
270 370
290 370
310 370
330 370
350 370
370 370
390 370
410 370
430 370
450 370
470 370
490 370
510 370
530 370
550 370
570 370
590 370
210 390
230 390
250 390
270 390
290 390
310 390
330 390
350 390
370 390
390 390
410 390
430 390
450 390
470 390
490 390
510 390
530 390
550 390
570 390
590 390
210 410
230 410
250 410
270 410
290 410
310 410
330 410
350 410
370 410
390 410
410 410
430 410
450 410
470 410
490 410
510 410
530 410
550 410
570 410
590 410
210 430
230 430
250 430
270 430
290 430
310 430
330 430
350 430
370 430
390 430
410 430
430 430
450 430
470 430
490 430
510 430
530 430
550 430
570 430
590 430
210 450
230 450
250 450
270 450
290 450
310 450
330 450
350 450
370 450
390 450
410 450
430 450
450 450
470 450
490 450
510 450
530 450
550 450
570 450
590 450
210 470
230 470
250 470
270 470
290 470
310 470
330 470
350 470
370 470
390 470
410 470
430 470
450 470
470 470
490 470
510 470
530 470
550 470
570 470
590 470
210 490
230 490
250 490
270 490
290 490
310 490
330 490
350 490
370 490
390 490
410 490
430 490
450 490
470 490
490 490
510 490
530 490
550 490
570 490
590 490
210 510
230 510
250 510
270 510
290 510
310 510
330 510
350 510
370 510
390 510
410 510
430 510
450 510
470 510
490 510
510 510
530 510
550 510
570 510
590 510
210 530
230 530
250 530
270 530
290 530
310 530
330 530
350 530
370 530
390 530
410 530
430 530
450 530
470 530
490 530
510 530
530 530
550 530
570 530
590 530
210 550
230 550
250 550
270 550
290 550
310 550
330 550
350 550
370 550
390 550
410 550
430 550
450 550
470 550
490 550
510 550
530 550
550 550
570 550
590 550
210 570
230 570
250 570
270 570
290 570
310 570
330 570
350 570
370 570
390 570
410 570
430 570
450 570
470 570
490 570
510 570
530 570
550 570
570 570
590 570
210 590
230 590
250 590
270 590
290 590
310 590
330 590
350 590
370 590
390 590
410 590
430 590
450 590
470 590
490 590
510 590
530 590
550 590
570 590
590 590