210 210
230 210
250 210
270 210
290 210
310 210
330 210
350 210
370 210
390 210
410 210
430 210
450 210
470 210
490 210
510 210
530 210
550 210
570 210
590 210
220 230
240 230
260 230
280 230
300 230
320 230
340 230
360 230
380 230
400 230
420 230
440 230
460 230
480 230
500 230
520 230
540 230
560 230
580 230
600 230
210 250
230 250
250 250
270 250
290 250
310 250
330 250
350 250
370 250
390 250
410 250
430 250
450 250
470 250
490 250
510 250
530 250
550 250
570 250
590 250
220 270
240 270
260 270
280 270
300 270
320 270
340 270
360 270
380 270
400 270
420 270
440 270
460 270
480 270
500 270
520 270
540 270
560 270
580 270
600 270
210 290
230 290
250 290
270 290
290 290
310 290
330 290
350 290
370 290
390 290
410 290
430 290
450 290
470 290
490 290
510 290
530 290
550 290
570 290
590 290
220 310
240 310
260 310
280 310
300 310
320 310
340 310
360 310
380 310
400 310
420 310
440 310
460 310
480 310
500 310
520 310
540 310
560 310
580 310
600 310
210 330
230 330
250 330
270 330
290 330
310 330
330 330
350 330
370 330
390 330
410 330
430 330
450 330
470 330
490 330
510 330
530 330
550 330
570 330
590 330
220 350
240 350
260 350
280 350
300 350
320 350
340 350
360 350
380 350
400 350
420 350
440 350
460 350
480 350
500 350
520 350
540 350
560 350
580 350
600 350
210 370
230 370
250 370
270 370
290 370
310 370
330 370
350 370
370 370
390 370
410 370
430 370
450 370
470 370
490 370
510 370
530 370
550 370
570 370
590 370
220 390
240 390
260 390
280 390
300 390
320 390
340 390
360 390
380 390
400 390
420 390
440 390
460 390
480 390
500 390
520 390
540 390
560 390
580 390
600 390
210 410
230 410
250 410
270 410
290 410
310 410
330 410
350 410
370 410
390 410
410 410
430 410
450 410
470 410
490 410
510 410
530 410
550 410
570 410
590 410
220 430
240 430
260 430
280 430
300 430
320 430
340 430
360 430
380 430
400 430
420 430
440 430
460 430
480 430
500 430
520 430
540 430
560 430
580 430
600 430
210 450
230 450
250 450
270 450
290 450
310 450
330 450
350 450
370 450
390 450
410 450
430 450
450 450
470 450
490 450
510 450
530 450
550 450
570 450
590 450
220 470
240 470
260 470
280 470
300 470
320 470
340 470
360 470
380 470
400 470
420 470
440 470
460 470
480 470
500 470
520 470
540 470
560 470
580 470
600 470
210 490
230 490
250 490
270 490
290 490
310 490
330 490
350 490
370 490
390 490
410 490
430 490
450 490
470 490
490 490
510 490
530 490
550 490
570 490
590 490
220 510
240 510
260 510
280 510
300 510
320 510
340 510
360 510
380 510
400 510
420 510
440 510
460 510
480 510
500 510
520 510
540 510
560 510
580 510
600 510
210 530
230 530
250 530
270 530
290 530
310 530
330 530
350 530
370 530
390 530
410 530
430 530
450 530
470 530
490 530
510 530
530 530
550 530
570 530
590 530
220 550
240 550
260 550
280 550
300 550
320 550
340 550
360 550
380 550
400 550
420 550
440 550
460 550
480 550
500 550
520 550
540 550
560 550
580 550
600 550
210 570
230 570
250 570
270 570
290 570
310 570
330 570
350 570
370 570
390 570
410 570
430 570
450 570
470 570
490 570
510 570
530 570
550 570
570 570
590 570
220 590
240 590
260 590
280 590
300 590
320 590
340 590
360 590
380 590
400 590
420 590
440 590
460 590
480 590
500 590
520 590
540 590
560 590
580 590
600 590